230 3 20
0.8 0.05 0.04
1 2 1 15 6 3 A 2
2 1 1 11 4 2 B 1
3 0 1 17 5 3 C 3
4 0 1 13 4 4 D 2
5 2 1 15 5 4 B 2
6 2 1 11 5 2 D 1
7 3 1 16 6 4 A 3
8 2 1 14 8 3 C 2
9 4 1 15 5 4 A 1
10 1 6 10 4 5 A 1
11 0 6 13 5 4 A 2
12 2 6 14 4 5 A 2
13 1 6 12 7 4 A 3
14 2 6 12 5 4 B 2
15 5 6 14 5 5 B 4
16 2 6 13 5 5 B 1
17 0 6 15 4 4 B 2
18 1 6 13 4 4 B 3
19 0 8 10 8 5 D 3
20 2 8 11 4 5 D 1
21 3 8 10 10 6 D 1
22 2 8 10 5 5 D 2
23 4 8 10 20 4 C 3
24 2 8 10 5 4 C 2
25 2 8 9 4 5 C 1
26 1 8 8 20 6 C 3
27 1 8 10 5 4 C 2
28 5 10 9 4 4 D 3
29 0 10 12 6 4 B 1
30 2 10 11 5 4 D 1
31 1 10 12 8 2 A 2
32 2 10 15 5 3 C 3
33 2 10 8 9 1 B 2
34 1 13 9 4 2 B 2
35 5 13 15 5 4 C 3
36 1 13 9 4 3 D 1
37 4 15 13 5 4 A 2
38 2 20 10 5 2 D 3
39 1 22 15 5 1 A 1
40 2 23 15 5 5 C 2
41 2 30 15 5 4 A 2
42 1 30 7 4 5 A 1
43 3 30 8 5 4 A 1
44 2 30 14 4 5 A 2
45 2 30 12 7 4 A 1
46 2 30 6 5 4 B 3
47 1 30 14 5 5 B 2
48 2 30 13 5 3 B 1
49 2 30 15 4 2 B 2
50 2 30 13 4 3 B 2
51 1 31 11 8 4 A 2
52 2 31 10 4 2 D 1
53 1 31 9 10 3 B 3
54 2 31 12 5 4 D 1
55 1 31 5 20 2 C 2
56 2 31 12 5 3 C 2
57 2 31 12 4 1 C 3
58 1 31 2 20 2 C 1
59 2 31 12 5 4 C 2
60 1 31 15 5 1 A 2
61 1 31 7 4 3 A 3
62 1 31 8 5 2 A 3
63 2 31 14 4 4 A 2
64 2 31 12 7 2 A 1
65 2 31 6 5 3 B 2
66 1 31 14 5 4 B 2
67 2 31 13 5 3 B 2
68 2 31 15 4 2 B 3
69 1 31 13 4 1 B 2
70 1 31 8 8 4 D 1
71 2 33 9 4 3 D 1
72 1 33 10 10 4 D 3
73 2 33 7 5 4 D 3
74 1 33 7 20 2 C 2
75 1 33 10 5 3 C 1
76 1 33 15 4 2 B 1
77 2 34 7 5 4 D 3
78 2 34 7 20 2 A 2
79 1 34 10 5 3 C 1
80 1 34 15 4 2 B 1
81 1 34 12 5 4 D 3
82 1 34 12 20 2 C 2
83 2 34 13 5 3 B 3
84 2 34 13 4 2 A 3
85 1 34 13 5 4 D 3
86 1 34 13 20 2 C 2
87 2 34 13 5 3 B 3
88 2 34 13 4 2 A 3
89 2 34 13 4 2 B 3
-1