110 3 10
0.9 0.04 0.04
1 2 1 15 10 3 A 3
2 1 1 16 9 2 B 2
3 0 1 15 10 3 C 1
4 0 1 18 9 4 D 4
5 1 1 20 10 4 B 2
6 2 1 16 10 2 D 3
7 1 1 10 11 4 A 2
8 2 1 17 13 3 C 3
9 2 1 18 10 4 A 2
10 1 4 12 9 5 A 1
11 0 4 8 10 4 A 2
12 0 4 17 9 5 A 3
13 1 4 17 12 4 A 2
14 1 4 9 5 9 B 2
15 1 5 14 10 5 B 2
16 0 5 16 10 5 B 2
17 2 5 15 5 4 B 3
18 1 5 13 9 4 B 1
19 0 8 16 13 5 D 1
20 0 8 18 9 5 D 2
21 1 8 9 15 6 D 3
22 1 8 12 10 5 D 2
23 1 9 16 20 4 C 3
24 1 9 17 10 4 C 2
25 2 9 12 9 5 B 1
26 1 9 8 20 6 C 3
27 0 9 9 10 4 C 2
28 0 10 7 9 4 D 2
29 1 10 17 12 4 B 2
30 2 10 16 12 4 D 1
31 1 10 17 13 2 A 3
32 2 10 8 10 3 C 2
33 2 10 10 10 1 B 1
34 1 12 4 9 2 B 2
35 0 12 8 10 4 C 1
36 0 12 9 9 3 D 3
37 1 17 18 10 4 A 1
38 1 17 17 10 2 D 2
39 1 17 17 10 1 A 2
40 2 17 16 10 5 C 3
-1