KTS	S	FD	KD	LT
16	33	0	6	6
17	20	0	9	9
20	25	0	12	12
20	14	0	14	14
20	7	0	19	19
21	22	0	13	13
25	1	0	24	24
29	32	0	19	19
30	24	0	22	22
48	77	0	14	14
48	57	0	17	17
49	71	0	16	16
50	81	0	16	16
50	73	0	17	17
50	83	0	16	16
50	78	0	16	16
51	38	0	31	31
51	65	0	20	20
51	68	0	20	20
51	75	1	17	18
53	40	0	30	30
53	67	0	22	22
53	46	0	23	23
53	84	0	19	19
54	30	0	44	44
54	8	0	53	53
55	6	0	54	54
55	3	0	54	54
55	63	0	24	24
56	59	0	25	25
56	56	0	25	25
56	16	0	50	50
57	4	0	56	56
57	2	0	56	56
58	5	0	57	57
58	44	0	28	28
58	41	0	28	28
58	23	48	2	50
59	49	0	29	29
59	9	0	58	58
59	11	20	33	53
59	26	51	0	51
60	15	54	0	54
61	10	15	40	55
61	27	52	1	53
61	17	54	1	55
61	13	54	1	55
61	12	54	1	55
62	18	55	1	56
63	37	47	1	48
63	34	50	0	50
63	29	52	1	53
63	31	52	1	53
63	19	54	1	55
65	50	34	1	35
65	47	34	1	35
65	21	56	1	57
66	53	35	0	35
66	28	56	0	56
67	52	0	36	36
67	66	35	1	36
68	54	0	37	37
68	69	36	1	37
68	35	55	0	55
69	55	38	0	38
71	48	0	41	41
72	42	34	8	42
73	39	40	11	51
73	36	55	5	60
75	43	34	11	45
76	58	43	2	45
78	51	46	1	47
80	70	46	3	49
81	60	48	2	50


T1_Total_Damage	  T2_Total_Damage	  T3_Total_Damage	  T4_Total_Damage
	200.00		200.00			200.00			200.00


R1_Unpaved_Dist	  R2_Unpaved_Dist	  R3_Unpaved_Dist	  R4_Unpaved_Dist
	2		2			2			2


Game is LOSS

Killed Enemies	=74

Alive Enemies	=10

Average First_Shot Delay	=19.43

Average Kill Delay	=17.82