KTS	S	FD	KD	LT
21	4	0	20	20
22	6	0	21	21
22	8	0	21	21
23	1	0	22	22
24	3	0	23	23
26	19	0	18	18
27	7	0	26	26
27	20	15	4	19
29	17	0	24	24
29	21	19	2	21
29	11	24	1	25
30	23	0	21	21
30	9	0	29	29
31	28	20	1	21
32	2	0	31	31
33	36	20	1	21
33	12	26	3	29
34	32	0	24	24
36	5	0	35	35
36	26	26	1	27
36	13	27	5	32
37	40	0	20	20
37	22	20	9	29
38	14	0	34	34
38	24	22	7	29
38	31	24	4	28
38	27	28	1	29
40	35	27	1	28
41	15	34	2	36
45	16	37	3	40
47	38	17	13	30
47	39	22	8	30
48	33	0	38	38
50	10	20	26	46
51	25	0	42	42
52	29	39	3	42
53	34	41	0	41
58	30	0	48	48
59	18	41	13	54
70	37	20	33	53


T1_Total_Damage	  T2_Total_Damage	  T3_Total_Damage	  T4_Total_Damage
	110.00		110.00			90.93			47.10


R1_Unpaved_Dist	  R2_Unpaved_Dist	  R3_Unpaved_Dist	  R4_Unpaved_Dist
	2		2			2			2


Game is WIN

Total Enemies	=40

Average First_Shot Delay	=14.23

Average Kill Delay	=15.95