KTS	S	FD	KD	LT
26	33	0	16	16
27	14	0	21	21
27	1	0	26	26
28	32	0	18	18
28	7	0	27	27
30	24	0	22	22
46	73	0	13	13
47	77	0	13	13
48	57	0	17	17
49	78	0	15	15
51	56	0	20	20
51	89	0	17	17
51	87	0	17	17
51	83	0	17	17
51	84	0	17	17
52	40	0	29	29
53	59	0	22	22
53	25	0	45	45
53	68	0	22	22
53	88	0	19	19
54	71	0	21	21
54	23	46	0	46
55	38	0	35	35
55	3	0	54	54
55	8	0	54	54
55	65	0	24	24
55	26	47	0	47
56	35	43	0	43
56	27	48	0	48
57	30	0	47	47
57	67	0	26	26
57	46	27	0	27
58	22	0	50	50
58	55	25	2	27
59	49	0	29	29
59	63	0	28	28
60	20	0	52	52
60	16	0	54	54
60	50	0	30	30
60	74	24	3	27
60	58	26	3	29
61	6	0	60	60
61	5	0	60	60
61	41	0	31	31
62	2	0	61	61
62	44	0	32	32
62	15	56	0	56
63	4	0	62	62
63	12	0	57	57
64	19	56	0	56
64	18	57	1	58
64	17	57	1	58
65	54	0	34	34
65	34	52	0	52
66	52	0	35	35
66	9	0	65	65
66	29	55	1	56
66	28	56	0	56
66	21	57	1	58
67	53	36	0	36
67	47	36	1	37
68	10	23	39	62
69	64	0	38	38
69	69	37	1	38
69	66	37	1	38
70	11	63	1	64
71	13	64	1	65
72	48	0	42	42
72	36	54	5	59
72	31	61	1	62
73	45	0	43	43
73	37	57	1	58
78	42	44	4	48
78	39	51	5	56
79	43	44	5	49
80	51	48	1	49
81	70	36	14	50
81	61	50	0	50


T1_Total_Damage	  T2_Total_Damage	  T3_Total_Damage	  T4_Total_Damage
	230.00		230.00			230.00			230.00


R1_Unpaved_Dist	  R2_Unpaved_Dist	  R3_Unpaved_Dist	  R4_Unpaved_Dist
	2		2			2			2


Game is LOSS

Killed Enemies	=78

Alive Enemies	=11

Average First_Shot Delay	=18.88

Average Kill Delay	=20.88